0.0
0.0
0.0
0.0
0.0
0.0
0.0
0.0
0.0
0.0
0.0
0.0
0.0
0.0
0.0
0.0
0.0
0.0
0.41379310344827586
0.0
0.0
0.0
0.0
0.0
0.0
0.0
0.0
0.0
0.0
1.7241379310344827
3.7241379310344827
0.6206896551724138
1.206896551724138
0.10344827586206896
0.0
0.0
0.0
0.0
0.0
0.0
2.793103448275862
11.517241379310345
14.310344827586206
2.3448275862068964
3.413793103448276
0.3793103448275862
0.0
0.0
0.0
0.0
0.0
1.8275862068965518
14.793103448275861
18.586206896551722
1.6896551724137931
0.0
10.96551724137931
0.06896551724137931
0.0
0.0
0.0
0.0
3.8275862068965516
15.931034482758621
20.93103448275862
3.2413793103448274
2.6551724137931036
4.413793103448276
17.275862068965516
0.9655172413793104
0.0
0.0
0.0
0.0
10.862068965517242
36.6551724137931
22.551724137931036
22.103448275862068
20.79310344827586
21.413793103448278
25.93103448275862
1.0689655172413792
0.0
0.0
0.0
0.0
1.9655172413793103
8.620689655172415
6.172413793103448
3.6206896551724137
1.103448275862069
3.7241379310344827
17.896551724137932
0.4482758620689655
0.0
0.0
0.0
0.0
0.0
0.0
0.0
0.0
0.0
3.5172413793103448
16.448275862068964
2.6206896551724137
0.0
0.0
0.0
0.0
0.0
0.0
0.0
0.0
0.0
0.9310344827586207
4.758620689655173
0.034482758620689655
0.0
0.0
0.0
0.0
0.0
0.0
0.0
0.0
0.0
0.0
0.0
0.0
0.0
0.0
0.0
0.0
0.0
0.0
0.0
0.0
0.0
0.0
0.0
0.0
0.0
0.0
